4558.90350664
4558.76289312
4559.11488051
4558.69303995
4558.41135932
4559.3253472
4559.18518727
4559.39610755
4559.39656114
4558.90396023
4558.2707458
4557.91875841
4558.05937193
4558.48211967
4559.18564086
4558.76289312
4558.41090573
4558.41135932
4559.39656114
4559.95901522
4559.39610755
4559.11488051
4559.25549403
4559.32580079
4559.32580079
4558.9738134
4558.48211967
4558.55197284
4558.83319988
4558.90396023
4558.2707458
4568.89296326
4622.56287588
4688.82540961
4780.48410582
4872.27887964
4982.43324325
5117.69664561
5162.15410471
5041.72724308
4797.29377175
4529.70624319
4275.28785117
4173.92455411
4163.72417722
4162.24728166
4161.75468075
4164.07571102
4163.5835637
4163.65387046
4164.63861869
4164.28708489
4163.16126954
4162.59881546
4164.14647137
4164.21632454
4163.02156321
4164.42769841
4165.69367368
4163.65432405
4162.38744159
4163.2315763
4164.00540426
4162.03590779
4161.96605462
4162.95034926
4162.10666814
4161.96560103
4162.03590779
4163.44249658
4163.9350975
4163.09141638
4164.49800517
4164.42769841
4163.2320299
4162.59836187
4163.30188306
4163.16126954
4162.1769749
4162.59881546
4162.45774835
4162.59836187
4162.80973574
4163.09096278
4163.16126954
4162.66957582
4163.30233666
4163.30233666
4162.59836187
4161.61406723
4161.89484068
4161.89574786
4162.10621455
4162.38789518
4163.51325694
4163.44249658
4163.09096278
4163.16126954
4163.16126954
4163.02065602
4163.51280334
4163.65341686
4164.28708489
